1000 0 21 1 0 0 0 0 0 0 12 0
10000 2 21 210 1 1 1 0 0 0 13 0 
100000 249 21 16876 15 17 9 8 6 5 26 10 
200000 1389 22 49085 32 33 20 16 13 10 35 21 
300000 1787 21 91727 54 48 31 24 20 15 42 32 
400000 2623 21 - 70 69 43 35 28 20 49 44
500000 3386 22 - 88 86 52 41 34 27 58 57
600000 4102 22 - 115 91 59 48 42 33 61 67
700000 4702 22 - 132 116 74 62 46 37 68 78
800000 5474 23 - 159 137 93 70 54 43 74 93
900000 6179 23 - 182 153 98 79 64 47 78 105
1000000 7091 23 - 193 167 109 92 74 51 86 120
10000000 71863 44 - 2627 1677 1086 869 715 510 531 1192
100000000 999500 272 - 35266 17013 10162 8798 6971 5464 5996 13146
