10 0 2 0 0 0 0 0 0 0 14 0 
100000 320 2 4753 3 12 8 6 6 5 26 3 
100000 258 2 24802 5 12 7 6 6 4 26 3 
100000 245 2 4744 9 11 8 6 6 5 16 7 
100000 261 21 16982 16 16 10 7 6 5 28 10 
1000 0 22 1 0 0 0 0 0 0 13 0 
10000 2 22 210 1 1 0 0 0 0 15 0 
100000 252 23 16730 15 15 9 7 6 4 27 10 
200000 1330 24 49097 32 31 18 15 12 9 37 21 
300000 1798 25 90037 52 48 29 24 20 15 44 33 
400000 2592 24 68 65 39 32 25 20 51 45 
500000 3318 24 83 78 47 38 31 25 55 54 
600000 3989 23 117 99 58 47 40 30 64 68 
700000 4754 26 132 117 72 58 51 34 69 79 
800000 5476 26 154 133 79 65 53 40 75 90 
900000 6125 26 179 152 92 76 59 47 81 106 
1000000 6793 26 184 152 91 75 63 47 83 113 
10000000 71731 44 2610 1687 1014 863 700 514 518 1211 
30000000 95 9306 5101 3032 2483 2011 1564 1548 3725 
50000000 143 17049 8222 5018 4195 3370 2609 2665 6341 
70000000 195 24994 11594 7296 5963 4903 3780 4070 9161 
100000000 267 35741 16429 9975 8202 6718 5244 6000 13323 
500000000 1265 223636 81891 50056 40864 42698 26056 32835 70261 
1000000000 3091 489588 178666 108606 92508 80345 59779 85871 144801 
